# "Sepal.Length" "Sepal.Width" "Petal.Length" "Petal.Width" "Length.Rate" "Width.Rate" "Species"
7 3.2 4.7 1.4 1.48936170212766 2.28571428571429 1 0
6.4 3.2 4.5 1.5 1.42222222222222 2.13333333333333 1 0
6.9 3.1 4.9 1.5 1.40816326530612 2.06666666666667 1 0
5.5 2.3 4 1.3 1.375 1.76923076923077 1 0
6.5 2.8 4.6 1.5 1.41304347826087 1.86666666666667 1 0
5.7 2.8 4.5 1.3 1.26666666666667 2.15384615384615 1 0
6.3 3.3 4.7 1.6 1.34042553191489 2.0625 1 0
4.9 2.4 3.3 1 1.48484848484849 2.4 1 0
6.6 2.9 4.6 1.3 1.43478260869565 2.23076923076923 1 0
5.2 2.7 3.9 1.4 1.33333333333333 1.92857142857143 1 0
5 2 3.5 1 1.42857142857143 2 1 0
5.9 3 4.2 1.5 1.4047619047619 2 1 0
6 2.2 4 1 1.5 2.2 1 0
6.1 2.9 4.7 1.4 1.29787234042553 2.07142857142857 1 0
5.6 2.9 3.6 1.3 1.55555555555556 2.23076923076923 1 0
6.7 3.1 4.4 1.4 1.52272727272727 2.21428571428571 1 0
5.6 3 4.5 1.5 1.24444444444444 2 1 0
5.8 2.7 4.1 1 1.41463414634146 2.7 1 0
6.2 2.2 4.5 1.5 1.37777777777778 1.46666666666667 1 0
5.6 2.5 3.9 1.1 1.43589743589744 2.27272727272727 1 0
5.9 3.2 4.8 1.8 1.22916666666667 1.77777777777778 1 0
6.1 2.8 4 1.3 1.525 2.15384615384615 1 0
6.3 2.5 4.9 1.5 1.28571428571429 1.66666666666667 1 0
6.1 2.8 4.7 1.2 1.29787234042553 2.33333333333333 1 0
6.4 2.9 4.3 1.3 1.48837209302326 2.23076923076923 1 0
6.6 3 4.4 1.4 1.5 2.14285714285714 1 0
6.8 2.8 4.8 1.4 1.41666666666667 2 1 0
6.7 3 5 1.7 1.34 1.76470588235294 1 0
6 2.9 4.5 1.5 1.33333333333333 1.93333333333333 1 0
5.7 2.6 3.5 1 1.62857142857143 2.6 1 0
5.5 2.4 3.8 1.1 1.44736842105263 2.18181818181818 1 0
5.5 2.4 3.7 1 1.48648648648649 2.4 1 0
5.8 2.7 3.9 1.2 1.48717948717949 2.25 1 0
6 2.7 5.1 1.6 1.17647058823529 1.6875 1 0
5.4 3 4.5 1.5 1.2 2 1 0
6 3.4 4.5 1.6 1.33333333333333 2.125 1 0
6.7 3.1 4.7 1.5 1.42553191489362 2.06666666666667 1 0
6.3 2.3 4.4 1.3 1.43181818181818 1.76923076923077 1 0
5.6 3 4.1 1.3 1.36585365853659 2.30769230769231 1 0
5.5 2.5 4 1.3 1.375 1.92307692307692 1 0
5.5 2.6 4.4 1.2 1.25 2.16666666666667 1 0
6.1 3 4.6 1.4 1.32608695652174 2.14285714285714 1 0
5.8 2.6 4 1.2 1.45 2.16666666666667 1 0
5 2.3 3.3 1 1.51515151515152 2.3 1 0
5.6 2.7 4.2 1.3 1.33333333333333 2.07692307692308 1 0
5.7 3 4.2 1.2 1.35714285714286 2.5 1 0
5.7 2.9 4.2 1.3 1.35714285714286 2.23076923076923 1 0
6.2 2.9 4.3 1.3 1.44186046511628 2.23076923076923 1 0
5.1 2.5 3 1.1 1.7 2.27272727272727 1 0
5.7 2.8 4.1 1.3 1.39024390243902 2.15384615384615 1 0
6.3 3.3 6 2.5 1.05 1.32 0 1
5.8 2.7 5.1 1.9 1.13725490196078 1.42105263157895 0 1
7.1 3 5.9 2.1 1.20338983050847 1.42857142857143 0 1
6.3 2.9 5.6 1.8 1.125 1.61111111111111 0 1
6.5 3 5.8 2.2 1.12068965517241 1.36363636363636 0 1
7.6 3 6.6 2.1 1.15151515151515 1.42857142857143 0 1
4.9 2.5 4.5 1.7 1.08888888888889 1.47058823529412 0 1
7.3 2.9 6.3 1.8 1.15873015873016 1.61111111111111 0 1
6.7 2.5 5.8 1.8 1.1551724137931 1.38888888888889 0 1
7.2 3.6 6.1 2.5 1.18032786885246 1.44 0 1
6.5 3.2 5.1 2 1.27450980392157 1.6 0 1
6.4 2.7 5.3 1.9 1.20754716981132 1.42105263157895 0 1
6.8 3 5.5 2.1 1.23636363636364 1.42857142857143 0 1
5.7 2.5 5 2 1.14 1.25 0 1
5.8 2.8 5.1 2.4 1.13725490196078 1.16666666666667 0 1
6.4 3.2 5.3 2.3 1.20754716981132 1.39130434782609 0 1
6.5 3 5.5 1.8 1.18181818181818 1.66666666666667 0 1
7.7 3.8 6.7 2.2 1.14925373134328 1.72727272727273 0 1
7.7 2.6 6.9 2.3 1.11594202898551 1.1304347826087 0 1
6 2.2 5 1.5 1.2 1.46666666666667 0 1
6.9 3.2 5.7 2.3 1.21052631578947 1.39130434782609 0 1
5.6 2.8 4.9 2 1.14285714285714 1.4 0 1
7.7 2.8 6.7 2 1.14925373134328 1.4 0 1
6.3 2.7 4.9 1.8 1.28571428571429 1.5 0 1
6.7 3.3 5.7 2.1 1.17543859649123 1.57142857142857 0 1
7.2 3.2 6 1.8 1.2 1.77777777777778 0 1
6.2 2.8 4.8 1.8 1.29166666666667 1.55555555555556 0 1
6.1 3 4.9 1.8 1.24489795918367 1.66666666666667 0 1
6.4 2.8 5.6 2.1 1.14285714285714 1.33333333333333 0 1
7.2 3 5.8 1.6 1.24137931034483 1.875 0 1
7.4 2.8 6.1 1.9 1.21311475409836 1.47368421052632 0 1
7.9 3.8 6.4 2 1.234375 1.9 0 1
6.4 2.8 5.6 2.2 1.14285714285714 1.27272727272727 0 1
6.3 2.8 5.1 1.5 1.23529411764706 1.86666666666667 0 1
6.1 2.6 5.6 1.4 1.08928571428571 1.85714285714286 0 1
7.7 3 6.1 2.3 1.26229508196721 1.30434782608696 0 1
6.3 3.4 5.6 2.4 1.125 1.41666666666667 0 1
6.4 3.1 5.5 1.8 1.16363636363636 1.72222222222222 0 1
6 3 4.8 1.8 1.25 1.66666666666667 0 1
6.9 3.1 5.4 2.1 1.27777777777778 1.47619047619048 0 1
6.7 3.1 5.6 2.4 1.19642857142857 1.29166666666667 0 1
6.9 3.1 5.1 2.3 1.35294117647059 1.34782608695652 0 1
5.8 2.7 5.1 1.9 1.13725490196078 1.42105263157895 0 1
6.8 3.2 5.9 2.3 1.15254237288136 1.39130434782609 0 1
6.7 3.3 5.7 2.5 1.17543859649123 1.32 0 1
6.7 3 5.2 2.3 1.28846153846154 1.30434782608696 0 1
6.3 2.5 5 1.9 1.26 1.31578947368421 0 1
6.5 3 5.2 2 1.25 1.5 0 1
6.2 3.4 5.4 2.3 1.14814814814815 1.47826086956522 0 1
5.9 3 5.1 1.8 1.15686274509804 1.66666666666667 0 1
